/*
2D SFR MOX-3600 Sub-assembly model
*/

/*
Read Library
*/
set acelib "xsdata/sss_endfb7u.xsdata"

/*
Materials
*/

mat fuel sum tmp 1500.0
O-16.15c 4.2808769E-02
O-17.15c 1.6230675E-05
U-234.15c 1.7602000E-06
U-235.15c 3.3412000E-05
U-236.15c 4.0736000E-06
U-238.15c 1.8692000E-02
Np-237.15c 3.7863000E-06
Np-239.15c 3.5878000E-06
Pu-238.15c 9.4366000E-05
Pu-239.15c 1.8178000E-03
Pu-240.15c 1.0177000E-03
Pu-241.15c 2.1797000E-04
Pu-242.15c 3.2651000E-04
Am-241.15c 4.0395000E-05
Am-242.15c 1.2900000E-08
Am-242m.15c 1.2243000E-06
Am-243.15c 2.4048000E-05
Cm-242.15c 2.2643000E-06
Cm-243.15c 1.0596000E-07
Cm-244.15c 3.2454000E-06
Cm-245.15c 1.4745000E-07
Cm-246.15c 3.4906000E-09
Mo-92.15c 4.0157304E-04
Mo-94.15c 2.5184323E-04
Mo-95.15c 4.3512655E-04
Mo-96.15c 4.5705695E-04
Mo-97.15c 2.6267137E-04
Mo-98.15c 6.6591660E-04
Mo-100.15c 2.6711227E-04

mat ods sum tmp 600.0
C-nat.06c 3.5740000E-04
O-16.06c 3.9908869E-04
O-17.06c 1.5131196E-07
Ti-46.06c 4.4404800E-05
Ti-47.06c 4.0045056E-05
Ti-48.06c 3.9679053E-04
Ti-49.06c 2.9118784E-05
Ti-50.06c 2.7880832E-05
Cr-50.06c 7.7136785E-04
Cr-52.06c 1.4875061E-02
Cr-53.06c 1.6867125E-03
Cr-54.06c 4.1985845E-04
Fe-54.06c 3.1488184E-03
Fe-56.06c 4.9429715E-02
Fe-57.06c 1.1415477E-03
Fe-58.06c 1.5191904E-04
Ni-58.06c 2.4907976E-04
Ni-60.06c 9.5945078E-05
Ni-61.06c 4.1706661E-06
Ni-62.06c 1.3297909E-05
Ni-64.06c 3.3865853E-06
Mn-55.06c 2.3441000E-04
P-31.06c 2.7718000E-05
Al-27.06c 9.1482000E-03
Co-59.06c 2.1852000E-04
Cu-63.06c 7.0083525E-05
Cu-65.06c 3.1266475E-05
Y-89.06c 2.6616000E-04

mat sodium sum tmp 600.0
Na-23.06c 2.1924E-02

mat em10 sum tmp 600.0
C-nat.06c 3.8254000E-04
Si-28.06c 4.5274628E-04
Si-29.06c 2.2989164E-05
Si-30.06c 1.5154560E-05
Ti-46.06c 1.5842475E-06
Ti-47.06c 1.4287032E-06
Ti-48.06c 1.4156452E-05
Ti-49.06c 1.0388823E-06
Ti-50.06c 9.9471540E-07
Cr-50.06c 3.2640509E-04
Cr-52.06c 6.2943973E-03
Cr-53.06c 7.1373412E-04
Cr-54.06c 1.7766353E-04
Fe-54.06c 4.2802935E-03
Fe-56.06c 6.7191454E-02
Fe-57.06c 1.5517437E-03
Fe-58.06c 2.0650860E-04
Ni-58.06c 2.6660276E-04
Ni-60.06c 1.0269490E-04
Ni-61.06c 4.4640764E-06
Ni-62.06c 1.4233429E-05
Ni-64.06c 3.6248347E-06
Mo-92.06c 7.0205333E-05
Mo-94.06c 4.4028697E-05
Mo-95.06c 7.6071353E-05
Mo-96.06c 7.9905353E-05
Mo-97.06c 4.5921735E-05
Mo-98.06c 1.1641941E-04
Mo-100.06c 4.6698120E-05
Mn-55.06c 4.1817000E-04

mat helium sum tmp 600.0
2003.06c 2.0E-12
2004.06c 0.999998e-6

/*
Geometry
*/

pin 1
helium 0.1257
fuel 0.4742
helium 0.4893
ods 0.5419
sodium

pin 2
sodium

lat 100 2 0.0 0.0 21 21 1.1897
2 2 2 2 2 2 2 2 2 2 2 2 2 2 2 2 2 2 2 2 2
 2 2 2 2 2 2 2 2 2 2 1 1 1 1 1 1 1 1 1 1 2
  2 2 2 2 2 2 2 2 2 1 1 1 1 1 1 1 1 1 1 1 2
   2 2 2 2 2 2 2 2 1 1 1 1 1 1 1 1 1 1 1 1 2
    2 2 2 2 2 2 2 1 1 1 1 1 1 1 1 1 1 1 1 1 2
     2 2 2 2 2 2 1 1 1 1 1 1 1 1 1 1 1 1 1 1 2
      2 2 2 2 2 1 1 1 1 1 1 1 1 1 1 1 1 1 1 1 2
       2 2 2 2 1 1 1 1 1 1 1 1 1 1 1 1 1 1 1 1 2
        2 2 2 1 1 1 1 1 1 1 1 1 1 1 1 1 1 1 1 1 2
         2 2 1 1 1 1 1 1 1 1 1 1 1 1 1 1 1 1 1 1 2
          2 1 1 1 1 1 1 1 1 1 1 1 1 1 1 1 1 1 1 1 2
           2 1 1 1 1 1 1 1 1 1 1 1 1 1 1 1 1 1 1 2 2
            2 1 1 1 1 1 1 1 1 1 1 1 1 1 1 1 1 1 2 2 2
             2 1 1 1 1 1 1 1 1 1 1 1 1 1 1 1 1 2 2 2 2
              2 1 1 1 1 1 1 1 1 1 1 1 1 1 1 1 2 2 2 2 2
               2 1 1 1 1 1 1 1 1 1 1 1 1 1 1 2 2 2 2 2 2
                2 1 1 1 1 1 1 1 1 1 1 1 1 1 2 2 2 2 2 2 2
                 2 1 1 1 1 1 1 1 1 1 1 1 1 2 2 2 2 2 2 2 2
                  2 1 1 1 1 1 1 1 1 1 1 1 2 2 2 2 2 2 2 2 2
                   2 1 1 1 1 1 1 1 1 1 1 2 2 2 2 2 2 2 2 2 2
                    2 2 2 2 2 2 2 2 2 2 2 2 2 2 2 2 2 2 2 2 2

surf 7 hexyc 0.0 0.0 9.92090
surf 8 hexyc 0.0 0.0 10.37340
surf 9 hexyc 0.0 0.0 10.61025

cell 1 0 fill 100 -7
cell 2 0 em10 7 -8
cell 3 0 sodium 8 -9
cell 4 0 outside 9

/* Geometry and mesh plots */

plot 3 1000 1000
mesh 3 1000 1000

/*
Settings
*/

set bc 3
set pop 12000 100 100
set ures 1
set gcu  0
set nfg 24 1.48625E-04 3.04325E-04 4.53999E-04 7.48518E-04 1.23410E-03 2.03468E-03 3.35463E-03
           5.53084E-03 9.11882E-03 1.50344E-02 2.47875E-02 4.08677E-02 6.73795E-02 1.11090E-01
           1.83156E-01 3.01974E-01 4.97871E-01 8.20850E-01 1.35335E+00 2.23130E+00 3.67879E+00
           6.06531E+00 1.00000E+01
