/*
2D SFR MOX-1000 Sub-assembly model
*/

/*
Read Library
*/
set acelib "xsdata/sss_endfb7u.xsdata"

/*
Materials
*/

mat fuel sum tmp 900.0
U-234.09c 1.6447E-06
U-235.09c 2.2148E-05
U-236.09c 2.7420E-06
U-238.09c 1.5602E-02
Np-237.09c 2.8455E-05
Pu-236.09c 2.6787E-10
Pu-238.09c 1.0478E-04
Pu-239.09c 1.7966E-03
Pu-240.09c 1.2659E-03
Pu-241.09c 2.0302E-04
Pu-242.09c 2.7492E-04
Am-241.09c 1.0157E-04
Am-242m.09c 8.5597E-06
Am-243.09c 9.0780E-05
Cm-242.09c 5.2317E-06
Cm-243.09c 6.2354E-07
Cm-244.09c 6.8704E-05
Cm-245.09c 2.0198E-05
Cm-246.09c 1.2227E-05
O-16.09c 4.1265E-02
Mo-92.09c 1.464196848E-04
Mo-94.09c 9.18259024E-05
Mo-95.09c 1.586538096E-04
Mo-96.09c 1.666499696E-04
Mo-97.09c 9.57740064E-05
Mo-98.09c 2.428033984E-04
Mo-100.09c 9.73932288E-05

mat ht sum tmp 600.0
Cr-50.06c 0.0004504027
Cr-52.06c 0.00868556774
Cr-53.06c 0.00098487366
Cr-54.06c 0.0002451559
Fe-54.06c 0.00407484175
Fe-56.06c 0.0639663011
Fe-57.06c 0.00147726085
Fe-58.06c 0.0001965963
Ni-58.06c 0.00029262174696
Ni-60.06c 0.00011271737304
Ni-61.06c 4.89974616E-06
Ni-62.06c 1.56225348E-05
Ni-64.06c 3.97859904E-06
Mo-92.06c 7.17903543E-05
Mo-94.06c 4.50227309E-05
Mo-95.06c 7.77888111E-05
Mo-96.06c 8.17093711E-05
Mo-97.06c 4.69585074E-05
Mo-98.06c 0.0001190478043
Mo-100.06c 4.77524208E-05
Mn-55.06c 0.00045921

mat sodium sum tmp 600.0
Na-23.06c 0.022272

/*
Geometry
*/

pin 1
fuel 0.3322
ht 0.3928
sodium

pin 2
sodium

lat 100 2 0.0 0.0 21 21 0.8966
2 2 2 2 2 2 2 2 2 2 2 2 2 2 2 2 2 2 2 2 2
 2 2 2 2 2 2 2 2 2 2 1 1 1 1 1 1 1 1 1 1 2
  2 2 2 2 2 2 2 2 2 1 1 1 1 1 1 1 1 1 1 1 2
   2 2 2 2 2 2 2 2 1 1 1 1 1 1 1 1 1 1 1 1 2
    2 2 2 2 2 2 2 1 1 1 1 1 1 1 1 1 1 1 1 1 2
     2 2 2 2 2 2 1 1 1 1 1 1 1 1 1 1 1 1 1 1 2
      2 2 2 2 2 1 1 1 1 1 1 1 1 1 1 1 1 1 1 1 2
       2 2 2 2 1 1 1 1 1 1 1 1 1 1 1 1 1 1 1 1 2
        2 2 2 1 1 1 1 1 1 1 1 1 1 1 1 1 1 1 1 1 2
         2 2 1 1 1 1 1 1 1 1 1 1 1 1 1 1 1 1 1 1 2
          2 1 1 1 1 1 1 1 1 1 1 1 1 1 1 1 1 1 1 1 2
           2 1 1 1 1 1 1 1 1 1 1 1 1 1 1 1 1 1 1 2 2
            2 1 1 1 1 1 1 1 1 1 1 1 1 1 1 1 1 1 2 2 2
             2 1 1 1 1 1 1 1 1 1 1 1 1 1 1 1 1 2 2 2 2
              2 1 1 1 1 1 1 1 1 1 1 1 1 1 1 1 2 2 2 2 2
               2 1 1 1 1 1 1 1 1 1 1 1 1 1 1 2 2 2 2 2 2
                2 1 1 1 1 1 1 1 1 1 1 1 1 1 2 2 2 2 2 2 2
                 2 1 1 1 1 1 1 1 1 1 1 1 1 2 2 2 2 2 2 2 2
                  2 1 1 1 1 1 1 1 1 1 1 1 2 2 2 2 2 2 2 2 2
                   2 1 1 1 1 1 1 1 1 1 1 2 2 2 2 2 2 2 2 2 2
                    2 2 2 2 2 2 2 2 2 2 2 2 2 2 2 2 2 2 2 2 2

surf 7 hexyc 0.0 0.0 7.50955
surf 8 hexyc 0.0 0.0 7.90615
surf 9 hexyc 0.0 0.0 8.12355

cell 1 0 fill 100 -7
cell 2 0 ht   7 -8
cell 3 0 sodium 8 -9
cell 4 0 outside 9

/* Geometry and mesh plots */

plot 3 1000 1000
mesh 3 1000 1000

/*
Settings
*/

set bc 3
set pop 12000 100 100
set ures 1
set gcu  0
set nfg 24 1.48625E-04 3.04325E-04 4.53999E-04 7.48518E-04 1.23410E-03 2.03468E-03 3.35463E-03
           5.53084E-03 9.11882E-03 1.50344E-02 2.47875E-02 4.08677E-02 6.73795E-02 1.11090E-01
           1.83156E-01 3.01974E-01 4.97871E-01 8.20850E-01 1.35335E+00 2.23130E+00 3.67879E+00
           6.06531E+00 1.00000E+01
